%YAML:1.0
---
image_width: 640
image_height: 480
camera_matrix: !!opencv-matrix
   rows: 3
   cols: 3
   dt: f
   data: [ 4.68035583e+02, 0., 3.31850830e+02, 0., 4.69508392e+02,
       2.39869293e+02, 0., 0., 1. ]
distortion_coefficients: !!opencv-matrix
   rows: 1
   cols: 5
   dt: f
   data: [ 2.76452284e-02, -5.33316471e-02, 2.40815897e-03,
       -4.68834117e-03, -1.67566724e-02 ]
